CPU NODE SOCKET CORE L1d:L1i:L2:L3 ONLINE    MAXMHZ   MINMHZ       MHZ
  0    0      0    0 0:0:0:0          yes 4575.1641 413.4190 1433.1840
  1    0      0    1 1:1:1:0          yes 4575.1641 413.4190 3190.9290
  2    0      0    2 2:2:2:0          yes 4575.1641 413.4190 2670.8081
  3    0      0    3 3:3:3:0          yes 4575.1641 413.4190 1433.1840
  4    0      0    4 4:4:4:0          yes 4575.1641 413.4190 1433.1840
  5    0      0    5 5:5:5:0          yes 4575.1641 413.4190 1433.1840
  6    0      0    6 6:6:6:0          yes 4575.1641 413.4190 1433.1840
  7    0      0    7 7:7:7:0          yes 4575.1641 413.4190 1433.1840
  8    0      0    8 8:8:8:1          yes 4575.1641 413.4190 1433.1840
  9    0      0    9 9:9:9:1          yes 4575.1641 413.4190 1433.1840
 10    0      0   10 10:10:10:1       yes 4575.1641 413.4190 2664.5349
 11    0      0   11 11:11:11:1       yes 4575.1641 413.4190 1433.1840
 12    0      0   12 12:12:12:1       yes 4575.1641 413.4190 1433.1840
 13    0      0   13 13:13:13:1       yes 4575.1641 413.4190 1433.1840
 14    0      0   14 14:14:14:1       yes 4575.1641 413.4190 1433.1840
 15    0      0   15 15:15:15:1       yes 4575.1641 413.4190 1433.1840
 16    0      0   16 16:16:16:2       yes 4575.1641 413.4190 1433.1840
 17    0      0   17 17:17:17:2       yes 4575.1641 413.4190 1433.1840
 18    0      0   18 18:18:18:2       yes 4575.1641 413.4190 1433.1840
 19    0      0   19 19:19:19:2       yes 4575.1641 413.4190 1433.1840
 20    0      0   20 20:20:20:2       yes 4575.1641 413.4190 1433.1840
 21    0      0   21 21:21:21:2       yes 4575.1641 413.4190 1433.1840
 22    0      0   22 22:22:22:2       yes 4575.1641 413.4190 1433.1840
 23    0      0   23 23:23:23:2       yes 4575.1641 413.4190 1433.1840
 24    0      0   24 24:24:24:3       yes 4575.1641 413.4190 3192.1819
 25    0      0   25 25:25:25:3       yes 4575.1641 413.4190 3193.4270
 26    0      0   26 26:26:26:3       yes 4575.1641 413.4190 3197.8440
 27    0      0   27 27:27:27:3       yes 4575.1641 413.4190 1433.1840
 28    0      0   28 28:28:28:3       yes 4575.1641 413.4190 1433.1840
 29    0      0   29 29:29:29:3       yes 4575.1641 413.4190 1433.1840
 30    0      0   30 30:30:30:3       yes 4575.1641 413.4190 1433.1840
 31    0      0   31 31:31:31:3       yes 4575.1641 413.4190 1433.1840
 32    0      0   32 32:32:32:4       yes 4575.1641 413.4190 3192.0911
 33    0      0   33 33:33:33:4       yes 4575.1641 413.4190 1433.1840
 34    0      0   34 34:34:34:4       yes 4575.1641 413.4190 3992.5681
 35    0      0   35 35:35:35:4       yes 4575.1641 413.4190 1433.1840
 36    0      0   36 36:36:36:4       yes 4575.1641 413.4190 1433.1840
 37    0      0   37 37:37:37:4       yes 4575.1641 413.4190 3186.9651
 38    0      0   38 38:38:38:4       yes 4575.1641 413.4190 3992.5281
 39    0      0   39 39:39:39:4       yes 4575.1641 413.4190 1433.1840
 40    0      0   40 40:40:40:5       yes 4575.1641 413.4190 1433.1840
 41    0      0   41 41:41:41:5       yes 4575.1641 413.4190 1433.1840
 42    0      0   42 42:42:42:5       yes 4575.1641 413.4190 1433.1840
 43    0      0   43 43:43:43:5       yes 4575.1641 413.4190 1433.1840
 44    0      0   44 44:44:44:5       yes 4575.1641 413.4190 1433.1840
 45    0      0   45 45:45:45:5       yes 4575.1641 413.4190 1433.1840
 46    0      0   46 46:46:46:5       yes 4575.1641 413.4190 2661.5439
 47    0      0   47 47:47:47:5       yes 4575.1641 413.4190 1433.1840
 48    0      0   48 48:48:48:6       yes 4575.1641 413.4190 1433.1840
 49    0      0   49 49:49:49:6       yes 4575.1641 413.4190 1433.1840
 50    0      0   50 50:50:50:6       yes 4575.1641 413.4190 1433.1840
 51    0      0   51 51:51:51:6       yes 4575.1641 413.4190 1433.1840
 52    0      0   52 52:52:52:6       yes 4575.1641 413.4190 1433.1840
 53    0      0   53 53:53:53:6       yes 4575.1641 413.4190 1433.1840
 54    0      0   54 54:54:54:6       yes 4575.1641 413.4190 2664.1890
 55    0      0   55 55:55:55:6       yes 4575.1641 413.4190 2664.7200
 56    0      0   56 56:56:56:7       yes 4575.1641 413.4190 1433.1840
 57    0      0   57 57:57:57:7       yes 4575.1641 413.4190 1433.1840
 58    0      0   58 58:58:58:7       yes 4575.1641 413.4190 1433.1840
 59    0      0   59 59:59:59:7       yes 4575.1641 413.4190 1433.1840
 60    0      0   60 60:60:60:7       yes 4575.1641 413.4190 1433.1840
 61    0      0   61 61:61:61:7       yes 4575.1641 413.4190 1433.1840
 62    0      0   62 62:62:62:7       yes 4575.1641 413.4190 3194.1550
 63    0      0   63 63:63:63:7       yes 4575.1641 413.4190 3992.5850
 64    0      0    0 0:0:0:0          yes 4575.1641 413.4190 1433.1840
 65    0      0    1 1:1:1:0          yes 4575.1641 413.4190 1433.1840
 66    0      0    2 2:2:2:0          yes 4575.1641 413.4190 1433.1840
 67    0      0    3 3:3:3:0          yes 4575.1641 413.4190 1433.1840
 68    0      0    4 4:4:4:0          yes 4575.1641 413.4190 1433.1840
 69    0      0    5 5:5:5:0          yes 4575.1641 413.4190 1433.1840
 70    0      0    6 6:6:6:0          yes 4575.1641 413.4190 1433.1840
 71    0      0    7 7:7:7:0          yes 4575.1641 413.4190 1433.1840
 72    0      0    8 8:8:8:1          yes 4575.1641 413.4190 1433.1840
 73    0      0    9 9:9:9:1          yes 4575.1641 413.4190 1433.1840
 74    0      0   10 10:10:10:1       yes 4575.1641 413.4190 1433.1840
 75    0      0   11 11:11:11:1       yes 4575.1641 413.4190 1433.1840
 76    0      0   12 12:12:12:1       yes 4575.1641 413.4190 1433.1840
 77    0      0   13 13:13:13:1       yes 4575.1641 413.4190 1433.1840
 78    0      0   14 14:14:14:1       yes 4575.1641 413.4190 1433.1840
 79    0      0   15 15:15:15:1       yes 4575.1641 413.4190 1433.1840
 80    0      0   16 16:16:16:2       yes 4575.1641 413.4190 1433.1840
 81    0      0   17 17:17:17:2       yes 4575.1641 413.4190 1433.1840
 82    0      0   18 18:18:18:2       yes 4575.1641 413.4190 1433.1840
 83    0      0   19 19:19:19:2       yes 4575.1641 413.4190 2907.5491
 84    0      0   20 20:20:20:2       yes 4575.1641 413.4190 2664.3689
 85    0      0   21 21:21:21:2       yes 4575.1641 413.4190 1433.1840
 86    0      0   22 22:22:22:2       yes 4575.1641 413.4190 1433.1840
 87    0      0   23 23:23:23:2       yes 4575.1641 413.4190 1433.1840
 88    0      0   24 24:24:24:3       yes 4575.1641 413.4190 1433.1840
 89    0      0   25 25:25:25:3       yes 4575.1641 413.4190 1433.1840
 90    0      0   26 26:26:26:3       yes 4575.1641 413.4190 1433.1840
 91    0      0   27 27:27:27:3       yes 4575.1641 413.4190 1433.1840
 92    0      0   28 28:28:28:3       yes 4575.1641 413.4190 1433.1840
 93    0      0   29 29:29:29:3       yes 4575.1641 413.4190 1433.1840
 94    0      0   30 30:30:30:3       yes 4575.1641 413.4190 1433.1840
 95    0      0   31 31:31:31:3       yes 4575.1641 413.4190 3535.9260
 96    0      0   32 32:32:32:4       yes 4575.1641 413.4190 1433.1840
 97    0      0   33 33:33:33:4       yes 4575.1641 413.4190 3992.6111
 98    0      0   34 34:34:34:4       yes 4575.1641 413.4190 3987.6770
 99    0      0   35 35:35:35:4       yes 4575.1641 413.4190 3184.9890
100    0      0   36 36:36:36:4       yes 4575.1641 413.4190 1433.1840
101    0      0   37 37:37:37:4       yes 4575.1641 413.4190 1433.1840
102    0      0   38 38:38:38:4       yes 4575.1641 413.4190 1433.1840
103    0      0   39 39:39:39:4       yes 4575.1641 413.4190 1433.1840
104    0      0   40 40:40:40:5       yes 4575.1641 413.4190 1433.1840
105    0      0   41 41:41:41:5       yes 4575.1641 413.4190 1433.1840
106    0      0   42 42:42:42:5       yes 4575.1641 413.4190 1433.1840
107    0      0   43 43:43:43:5       yes 4575.1641 413.4190 1433.1840
108    0      0   44 44:44:44:5       yes 4575.1641 413.4190 1433.1840
109    0      0   45 45:45:45:5       yes 4575.1641 413.4190 1433.1840
110    0      0   46 46:46:46:5       yes 4575.1641 413.4190 1433.1840
111    0      0   47 47:47:47:5       yes 4575.1641 413.4190 1433.1840
112    0      0   48 48:48:48:6       yes 4575.1641 413.4190 1433.1840
113    0      0   49 49:49:49:6       yes 4575.1641 413.4190 2669.1299
114    0      0   50 50:50:50:6       yes 4575.1641 413.4190 2668.1589
115    0      0   51 51:51:51:6       yes 4575.1641 413.4190 1433.1840
116    0      0   52 52:52:52:6       yes 4575.1641 413.4190 1433.1840
117    0      0   53 53:53:53:6       yes 4575.1641 413.4190 1433.1840
118    0      0   54 54:54:54:6       yes 4575.1641 413.4190 1433.1840
119    0      0   55 55:55:55:6       yes 4575.1641 413.4190 1433.1840
120    0      0   56 56:56:56:7       yes 4575.1641 413.4190 1433.1840
121    0      0   57 57:57:57:7       yes 4575.1641 413.4190 1433.1840
122    0      0   58 58:58:58:7       yes 4575.1641 413.4190 1433.1840
123    0      0   59 59:59:59:7       yes 4575.1641 413.4190 1433.1840
124    0      0   60 60:60:60:7       yes 4575.1641 413.4190 1433.1840
125    0      0   61 61:61:61:7       yes 4575.1641 413.4190 1433.1840
126    0      0   62 62:62:62:7       yes 4575.1641 413.4190 3188.3420
127    0      0   63 63:63:63:7       yes 4575.1641 413.4190 1433.1840
